10006,2.759323269177938
10019,3.312394371209848
10024,3.3505802249956917
10025,2.867063153469214
10034,2.626204610063547
10048,2.8695026934855616
1007,3.118978472238835
10076,2.827483689939551
10077,3.7553698244261073
10080,4.310718901842627
10082,2.682165879613263
10089,2.654105276391328
10100,2.85086318504835
10104,3.6037038528744114
10108,2.22827604395397
10109,2.859933694246317
10127,3.0169202605606147
10187,2.2321424353624155
10188,2.726406391632678
10194,2.50082431549734
10195,3.417572781089804
10219,2.7988375131622467
10237,2.567822866687175
10248,2.525931248341966
10255,3.851428160641419
10284,3.4992202172605618
10319,2.9493464744960445
10321,3.9032595626877615
10349,3.1942193139733397
10350,3.216690585996802
10354,3.7511153338123857
10368,2.4173971874622255
10391,2.744329881151387
10404,2.836357872528302
10415,1.9993711967454502
10428,3.6749307274391048
10429,3.306083860423903
1046,3.32043935401291
10462,2.2836438819117992
1048,2.9215891044565003
10493,3.104959181054311
10522,2.632211522250799
1054,2.310980184336295
10540,2.5006484192793272
10555,2.5333836948716004
10561,3.695996263987165
10572,2.6305045824733746
10576,3.5423283547312394
10578,3.294560971668184
10589,3.1626040298746374
1059,1.9593978066044553
10595,2.8610301338682826
1061,3.476236172872984
10659,2.603725146727854
10662,3.862447131423264
10663,2.283635570604857
10670,2.7108882654969477
10676,2.948591843309734
10686,3.871966716960717
10692,3.7422408792655113
10712,3.200696476892848
10721,2.987358327624974
10733,3.258677702442988
10734,3.7851877950816903
10735,2.7287979704774297
10743,3.9053925966801453
10747,3.5898838293147937
10750,3.4036371833960155
10757,3.9416189283006076
1076,3.478461302183623
10762,2.834210230060082
10774,3.8328015491257412
10777,2.8602587599112543
1078,2.4128435599168925
10780,2.563830418655813
10781,3.041616498152108
10792,3.69781422884807
10800,3.5136184927875997
10810,3.503534026436559
10826,2.3411734590584894
10835,3.250550152560796
10836,3.303207934013951
10843,2.4250206586843475
10845,2.9115292440473772
10846,2.966342319873888
10851,3.7994765655864042
10870,2.7222092104076783
10889,3.3976429799121926
10900,2.785690727272751
10903,3.5333867413987186
1091,2.109049674297541
1092,3.11819754460109
10921,2.9532728383272016
10926,3.009004065182353
10939,2.873801637610488
10943,3.22073358383317
10947,4.332180083379211
10959,3.3379654566678
10978,2.50891109318659
1100,2.2467393371636226
11003,3.107142313135648
11007,3.5570067565482346
11009,2.1227282735622
11011,2.1415506774211175
11021,3.1330203324684303
11025,3.2102549206977757
11027,2.84289241674241
11034,3.0052906341160255
1104,3.0944310416708047
11041,2.8444256716555567
11048,2.567442609822344
11054,2.041618168912655
11056,3.3907531590002042
11076,3.0382705639438528
11080,2.979213338783911
11086,2.745930181992171
11088,3.9910418027135877
11098,2.876268899362318
111,3.0339706323619025
11107,3.375463536328849
11124,3.929200902160978
11133,2.779336415429082
11158,3.11790477503313
11159,2.532162440303856
11177,2.84045721532553
11182,3.5160608756795506
11197,3.090352042909851
11213,3.157805963867506
1122,2.4622946089543087
1123,3.721758998090102
11232,2.3473351630581503
11235,2.554340419159574
11236,4.015919283913801
11237,3.8245981656412513
11238,3.2133643674028947
11240,3.188150284441939
11245,3.0077592968088003
11253,2.741379649818247
11259,2.99477344412768
11261,3.2709107852417607
11284,3.257153189052088
11286,2.9900943227421055
11288,2.5084547186161914
11292,3.7736168176157046
11294,2.0282786894440314
11295,3.4914978017360023
11307,3.5289613147703895
11312,2.4047733631259542
11316,2.74639842586972
11317,3.0672974197610707
11319,2.0730239281279976
11330,2.924151072422935
11339,2.718182356486394
1134,3.4495803223512373
11340,2.7285122031033544
11347,2.97934319295668
11348,3.136689568989866
11352,3.0514998691612116
11376,2.9606401972097105
11380,2.794251573080427
11391,3.983905621730223
11395,2.397574926902896
1140,3.0400003993815012
11408,2.750907063417998
11412,3.058683456267104
11418,2.4859254836660134
11436,2.5742264301434976
11442,3.2235814279125057
1146,2.9424117577461284
11463,3.0397370411282245
11493,1.8781139356612675
11496,2.703994549541747
11505,2.947759399666463
11510,2.3619771501277644
11511,2.6264182922841086
11513,2.3669141511131286
11536,2.0022954041413312
11563,3.1875760924242766
11567,3.6022565593624485
11613,3.6246893577867763
11614,3.296722812418208
11616,3.1624245479511255
11631,1.9356016507535712
11637,3.7554962428019154
11638,3.518683727982554
11651,3.5787434766451396
11657,2.0490338655253684
1167,2.982949447157687
11673,3.369539908154317
11686,1.5590112941631573
11688,3.7275362418613573
11689,2.7368195187384288
11690,2.65168736828066
11723,2.5622807973279746
11732,3.308859068973068
11757,2.1306819863552833
11766,2.5462585871736287
11775,3.204436328305025
11786,3.448925991985553
11806,3.1068353176581054
11812,4.1424227461359475
11824,3.519180413946831
11829,3.4601538564185326
11835,2.868377417649225
11837,3.2178642149028067
11838,3.004088490878705
11839,3.7945609069919635
11851,3.496521875652429
11866,2.2170782079521154
11867,2.436248953076614
1188,2.6389014890594473
11884,3.5151223746225106
11887,3.3558007653377397
11888,3.720177979253377
1190,2.8640055553914046
11902,3.326278739780019
11908,2.804686740596737
1192,2.6078226670811446
11923,2.927532058399903
11951,2.4821362969322447
11952,2.8567536753865372
11965,3.769218872243334
11966,2.7598038446991073
12010,3.271163293856234
1202,3.7492441486650954
12046,3.406766490143443
1205,1.8277354382625761
12059,3.0108765730015197
12100,4.090191582003687
12117,2.4664933457906435
12123,1.7271204744356812
12125,4.132246831151868
1213,3.8725588313913404
12133,2.292255330410621
12156,3.0249110617356023
12159,3.9057670034729797
12170,3.01556171397382
12178,3.639713812949981
12180,3.546262540661062
12184,4.2228391866144595
12189,2.5359583285056977
12199,2.4303341850028137
122,2.9007444313231705
12202,2.971048537522531
12230,3.3958221787239253
12232,3.3234491427834354
12243,3.1195001395787285
12246,3.740218072723117
12273,2.9283987343851234
12275,3.0775152299573447
12276,2.635319336077489
12280,3.7048910964727484
12284,2.5016174755585947
12291,3.400511262073911
12292,3.670300881640527
12293,4.458108869643738
12298,3.954056610897393
123,2.7656555201150694
12336,3.3262225628987236
12348,3.3287239895606415
12355,2.9372267125014053
12372,3.2177598729743457
12386,3.0430197991449446
12391,3.369776323069087
12396,2.8511113729231923
12413,3.5213955085474318
12419,2.4782873874240234
12421,3.263995424534811
12422,3.0224827818525455
12423,3.3689384814317664
12432,2.9426205590164445
12452,2.9485356588588587
12455,2.3495684861973225
12472,2.5699063220858833
12482,3.505319718287671
12488,3.8078680713933095
12496,2.6326686193196385
12497,3.3150232843645333
12503,3.0701614072729084
12504,3.3027062752829117
12510,2.4791428925818533
1252,2.90110690208401
12538,3.4753373992106154
12544,3.5901318515921137
1256,4.407974970903625
12589,4.037212113572819
1260,3.069857265248998
12604,2.7614372155921036
12606,2.3342139211142303
12607,3.5803551953137163
12623,3.512421820150129
12627,3.5978024039274548
12634,3.446508662426685
12639,3.6353289477234085
12653,2.804436022634258
12661,3.3581526771564625
12679,2.712174876176868
1268,2.0413237148496135
12682,3.0532042176516514
12683,3.0295576248299922
12695,2.9892162962177022
127,2.6265811379982815
12700,2.832562453051611
12705,2.6716711567454445
12709,2.8879973444752713
12733,2.148210084725714
12755,3.9456300678891147
12757,3.388457017083326
12760,3.282282865038954
12775,2.874753631275081
12778,3.630618789569743
12780,2.6642018894447865
12793,3.6250685222546
12795,3.516481278530398
12798,2.9562767032870676
12812,3.5969356531236896
12822,3.7494507201055685
12824,3.69783346449105
12847,2.916093093815559
12852,3.40775872842841
12855,3.9044747835532694
12863,2.500687730938556
12864,2.8114530757826515
12875,3.666626040686545
12887,1.5582032593664503
1289,2.5584503645120416
12894,3.536708156472288
12912,3.1762210661525883
12920,2.918862923680939
12936,2.1812537071178064
12946,4.025385942148028
12948,3.364391173846104
12952,3.8012659113941
12957,2.5929922890811516
12969,2.9221424698732736
12977,3.1940940147595698
12993,3.512086160300594
13015,3.897764017099917
13022,2.9565819507391806
13032,3.0021150566842665
13046,3.582807658213282
1305,3.3181055238617976
13055,3.407850532681858
13059,2.202206186452084
13099,3.4985539541043678
13107,3.7731668658977338
13110,3.0367750675177803
1313,3.091967815196798
13137,2.481749823698608
13145,2.751325481969392
13150,2.144708641373218
13154,2.848732993493744
13186,3.6911691903567205
13188,2.826777989389377
13199,2.966231652989499
13212,3.0413877940659657
13215,2.0788405445847262
13218,2.5133671799398662
13235,2.4378272269042913
13242,3.0432020977087264
13262,2.2640317090673996
13270,3.6137498811788737
13288,2.87899877300729
13289,2.8971004917178345
13298,3.332317392387525
13299,2.1141056244893908
13305,1.8396732444006356
13326,3.555499897320928
13328,3.3228622469193914
1333,2.58594056508816
13334,2.991919607359773
13339,2.866286879129256
13360,2.5407933281753268
13363,2.7606389859000586
13377,3.7180896796679357
13387,3.3359959089996565
1340,2.831197030737045
1343,2.5088794061453896
13431,2.075512247130799
13432,2.925244018542776
13438,2.72981089909087
13451,3.5788741546230853
13456,2.804016362665465
13461,2.6493120497124423
13464,2.000978930223488
13477,3.5101065670347205
13485,2.8255282981492673
13489,3.159634621076328
13507,2.7535265651082343
13519,2.751639089640733
13531,2.334721474369708
1356,2.8768911517060975
13561,3.6770216701845757
13563,3.096969439139868
13565,3.0579368787397034
13569,2.9521776088802443
13587,3.3092048789166246
13589,2.0010700648011572
13590,2.560883781827857
13601,3.030326675315303
13604,3.2042923997479305
13606,3.0663988842262198
13608,3.760578421390467
13614,3.951114238321492
13632,2.747768951212027
13633,3.4182017451794002
13636,3.919120247002257
13638,2.612430827417489
13651,3.587428595157546
13664,2.549080976528572
1367,3.4865436245941406
13674,3.1460641250246955
13677,2.2989150433652155
13680,2.677284386490974
13682,2.736877801989265
13686,3.704539049113085
13744,3.3059355505137717
13748,3.3213364567717907
13758,2.7093375756776745
13760,3.022916202662011
13769,1.7566095268099002
13783,3.4305858853382216
13787,3.4384295790870567
13802,3.3803933121682874
13817,2.1791602269112125
13823,2.7263341616636527
13828,2.382372226017864
13831,3.4517947851112565
13835,4.0192832212045815
13838,3.1390170838876172
13853,3.010678736293596
13858,3.0437422822405593
13861,2.4720401745097744
13877,3.8151742377971103
13878,3.861688002911885
1388,2.556277089817802
13887,3.5790677449729844
13899,3.3755992306542733
13905,2.8553382852822042
13909,3.486523100977383
13911,2.6073479195346008
13912,3.5544211404014674
13927,3.81878318556505
13934,3.587492661799645
13936,2.9921319410019263
13938,2.6760463684598585
13964,3.8867486182476676
13965,2.8671200467651112
13989,3.214519044373884
140,2.39200106379131
14013,3.3208806865786378
14046,2.84910049383902
1406,3.2750500045939974
1407,2.8322171997383054
14070,3.308189422118402
14072,3.5851626564242016
14075,3.328670453599872
14077,2.4627689860171618
14079,2.989315045729436
14086,3.9661069551052934
14088,3.1305023497528577
14089,3.2244862478756153
14096,3.69621509363105
14099,1.9794901076625697
14100,2.7759711466474024
14136,2.5985009305925577
14137,2.8806835920218767
14144,3.571394055078218
14154,3.223326025576888
14169,2.843150368439666
14171,3.216109305728616
14177,3.4397023587580016
14185,4.058224571332181
14189,2.8981939227788858
14198,3.94220169314395
14199,3.35133666516779
14203,2.999578471827989
14209,3.5147077138252354
14216,3.744496730759674
14231,2.6640074747637774
14234,3.2859321115125444
14244,3.2458272260447165
14248,3.5775322966417407
1425,3.640404838085101
14255,2.3346055504840137
14258,3.4582145367926946
14272,3.7646900152229823
14279,2.264886054995079
14282,2.6798151882905796
14283,4.41186058043972
14290,2.528203593576407
14292,2.422540398030273
1430,2.372071561708774
14314,2.6420261137980074
14317,2.9514585852420296
1432,3.0221696118935455
14320,4.0099009790171465
14324,2.456072976562415
14329,2.5107841962765622
14335,3.4566998718661206
14347,2.600459989617163
14354,2.3812132049089065
14361,4.0232447299799805
14372,3.7480557806932517
14380,2.7001963501864474
14386,3.0213955124122958
14392,2.9858200025526656
14407,3.5712669993165465
14429,3.637080604153766
14430,3.5764591137895607
1444,3.482866537892104
14440,2.5899794310195197
14442,2.725358535057139
14457,3.5764864098641436
14459,3.5214374076838055
14462,2.4003966982624068
14469,2.488902992702678
14470,2.121472168430083
14484,3.394380748824723
14492,3.513742094301598
14496,3.9421716552425274
145,2.9920141646676317
14503,3.127020885293345
14505,3.403752868543898
14506,3.6743318953923514
14518,2.9714148108337106
14537,3.782979005060374
1455,3.0298216603349704
14551,2.7002748533397205
14552,2.8560485736203107
14560,3.2865548172948507
14575,2.695417132025587
14581,2.7812777548995573
14594,2.291679164700035
14611,3.0010529423525343
14625,2.2064361278133164
1464,2.4902963151776776
14643,3.527178052875632
14645,2.850108402376226
14648,4.34746360115773
14712,3.1535895778930754
14716,3.6765163673543033
14720,3.633836638964772
14722,2.893139818415797
14732,3.54558914578215
14738,3.1725217829485275
14740,1.5353058094180843
14743,2.722325993656318
14775,1.6160653662493325
14793,2.763632427769032
14800,3.761529324041535
14807,3.794408567638969
14808,3.6253087316031753
14810,3.4091097105449553
1482,3.19802997641155
14826,3.222845501793618
14836,2.60129718980092
1484,3.052124847364364
14859,4.051337316056127
1488,3.8366963145836164
14902,2.656134134638719
14904,3.7215798079894924
14930,3.280740565540774
14932,2.653429665130855
14941,3.8288025783371453
14947,3.0440098433757727
14957,1.731624935880864
14962,2.279776824382712
14983,3.620038219188058
14995,2.5880581591738205
1500,3.6912075441136825
15005,2.5095888384518847
15020,2.975345256744453
15033,3.5563713592428097
15040,3.411982589637668
15051,2.9325998216224125
15060,2.5484166833886
15071,3.185965190092512
15074,2.1829435816820326
15083,1.6293539348440165
15085,3.397251362956327
15115,3.10755073806267
15121,3.049495406933965
15122,3.0810506359180154
15135,2.3820278533357184
15142,2.7371557570233933
15150,2.5224681438176004
15152,3.7365745329420585
15153,2.8814016197642074
15160,3.3713713033023947
15165,3.1949775450923568
15175,2.0008249855515605
15183,4.150884005298753
15192,2.4938894303789003
15201,3.5637832264260343
15202,2.588214069566515
15213,2.5701689591611725
15214,3.265511727328542
15216,2.717508933110504
1522,2.415120614082168
15222,3.226989999141564
15223,2.9478921241220255
15228,2.9087638237125244
1523,3.221448783327377
15234,2.979168271224533
15246,3.446302401161985
15251,3.186903680883556
15257,3.5052364433469485
15272,2.8325204728829587
15276,3.791387903271122
15331,3.1876381819666695
15338,3.092357150816328
15371,3.175872869966122
15378,3.6129164494537886
15391,1.979099678821628
154,2.760089237166432
15409,3.3658689356158646
15410,3.237214015307797
15413,2.2516732174301497
15428,3.6690652524807037
15438,1.8208722964186617
15449,3.4392305426866527
15464,3.689159948518072
15469,3.2245144447366374
15475,3.9038047127037974
15478,2.5432886353098527
15480,4.045641858891036
15496,3.5392223386413937
15507,3.5605824874197882
15510,2.0002187167266845
15515,3.3223922773515975
15516,3.2526633654778974
15527,2.323378896472401
15529,3.253580899245138
15532,3.2730277843916937
15536,2.393765026253743
15539,3.054386984515355
1554,2.6931681311494633
15547,2.7355376374525293
15557,4.21176531957575
15567,3.3051999300306427
15568,3.944069989570645
1557,2.9859385465773793
15576,3.4169348577471985
15582,3.3661855574278694
1559,3.1120226383721152
15592,3.396934595129025
156,3.348995219421474
15610,2.4738060452560093
15629,3.58200462764534
15632,2.971033319782318
1564,3.6407908425595674
15648,2.8726207202572276
15657,3.5226575465498997
15661,2.376663672103979
15662,3.8895769817957415
15670,2.4770783851758003
15676,3.6858727659509833
15687,1.4674156031551684
15691,2.9066049635600497
15695,2.5287469283435837
15707,2.955754405629505
15712,3.137521458128382
15714,3.26501333178893
15716,3.6487000049686267
15726,2.6583493159605682
15731,2.9383276534395875
15741,2.7295892870965477
15754,2.30320217227248
15763,2.4498102687285193
15772,3.4470968940038924
15785,3.052099483944559
15808,3.2518934509714965
15809,2.5360342942245793
15816,3.4791924251220165
15820,3.0324808620839363
15830,3.34911250742852
15836,4.182428534393187
15841,3.536690120871881
15842,2.572783320050637
15855,3.448603901155594
15911,3.575833749348616
15915,3.0118881147444214
15929,3.2531529536256203
15946,2.712988968214928
15951,2.092196032794241
15955,3.3911153538558816
15961,1.8575545134973561
15962,3.2397850866628453
15981,2.891353537870364
15982,3.5027206080230657
15992,3.3715274736260543
15993,2.4689753729341306
15998,2.8243534511404698
1600,2.9077329249646287
16000,2.8635053894366687
16001,2.7708812654593364
16018,2.4723331182980575
16021,3.0905476829322778
16022,4.063544885802207
16035,2.5345618022576026
16042,2.611032036757679
16046,3.1798724310119537
16055,2.86104989992583
16066,3.0147260026118556
16082,3.4947166089875465
1609,3.1854760870346217
16091,3.525891605587769
16112,2.5324598217597423
16120,2.6292354266072673
16122,1.8665445515068733
16127,2.917741549353844
16129,2.6136601903402132
16131,2.8158308908615135
16132,2.5082840484402835
16135,2.833077582645218
16147,4.415526046884478
1615,3.684370765250881
16150,3.714337614688337
16153,3.535233004862829
16157,3.101173466905983
16162,3.34174494768809
16169,2.927042499112909
16188,2.6634063070094722
16231,2.920541259427409
16232,2.9681304537285107
16243,2.448895596386577
16246,3.5779179987341885
16247,3.2288502803795356
16252,3.8738375095014588
16256,2.529769941015743
16262,3.4226444423022
16277,2.467269634515273
16283,2.5353161006055314
16286,3.535485903239168
1629,3.3322046269740446
16300,2.884308949591242
16311,3.773076498556586
16329,3.6069842329080988
16335,3.239723115017972
16342,3.5681867517391788
16344,3.079859061316274
16349,3.9427968418291646
16396,3.2855528854882903
16398,2.810418001259856
16408,2.90790418624886
16410,3.311734110589201
16422,2.5255053299046724
1644,3.655804567605349
16444,3.3465215822464773
16451,2.373203413688628
16456,2.1877591168890236
16467,2.705928600332147
16477,2.8146207148083393
16488,2.5559679344201194
16494,2.9685102909462846
16506,2.853734259029242
16540,3.3324468404179464
16545,3.6061916046883042
16554,3.440899584717881
16555,3.8539913201110765
16559,3.4029676024329456
16563,2.9413810025512843
16572,3.0633300541979738
16576,2.000868249320505
16589,2.6825718728942864
16599,2.8589364024720156
16606,3.3983000824209886
16613,1.848271764313464
16627,2.9320968648585435
16629,3.5835390228020296
16663,3.0719304106226093
16670,3.581580194636204
1668,3.193245522234283
16685,3.1690450862793615
16689,3.0829018861140143
16705,3.6020153788898694
16707,3.59000145284063
16726,2.172112336620975
16731,3.7205654329647846
16733,3.5160412280621927
16741,3.2371293596368984
1675,3.001420278834543
16761,2.0407000122248258
16762,1.93874526727974
16770,3.1861140566344033
16787,2.7516130265813277
16788,3.337526714350269
16790,3.197207685099092
16797,3.4184813858093532
16820,2.7974390950765597
16830,2.4190183936977907
16849,2.988144750281309
16854,3.7112472002482373
16869,3.324390690146315
16889,3.5155016213802823
16902,3.061834589430393
16904,3.0240992865259466
16906,2.688811959261289
16915,3.1661927179506018
16916,2.8113875655929057
16928,2.978551311148388
16931,3.4230511983323977
16933,2.168833890848741
16948,3.205367860259565
16950,1.9541867109751614
16955,2.9648974806093733
16970,2.8520209769054987
16975,3.0973040305899087
16982,3.468888183061458
16986,3.6763580297748577
16988,2.383044310140336
16993,3.425025219370638
16996,3.0010700568104705
16999,2.0203439051354333
17020,3.1546815485429804
17056,3.2823297774303897
17065,2.000409554624574
17068,2.5018945618131427
17074,2.9167779866337282
17082,2.820309273302136
17085,4.275815070882185
17087,3.799465163776569
17090,3.043500991068025
17104,3.3319383225628103
17107,3.317524483340663
17124,1.7284633288024258
17137,2.8697437900159084
17174,3.758925402552667
17182,3.757709424339151
17196,3.3516433478139893
17202,2.772744935175716
17203,2.8373697069200934
17232,2.086058854702946
17255,2.6349933632196154
17290,3.470277845886691
17304,3.0160340797097214
1731,2.911393853934782
17310,3.5729712460774485
17324,3.829635878669487
17326,2.464809300680735
17334,2.862334335924774
17337,3.287046954936232
17338,3.09813793682141
17344,2.774105349603518
17348,3.671958832484417
17358,3.2751980516210955
17394,2.673412865103034
174,2.8989600594085907
17411,3.707622213809377
17423,3.519697451380137
1744,3.795096717614421
17447,3.0884790461608773
17454,3.0396913642611985
17466,2.3922798527836235
17515,3.6724807507238464
17522,3.4456848861627463
17523,3.273488404350018
17534,2.167851220435559
17536,3.959083605814178
17551,1.877705636565259
17554,2.9944049632544827
17556,2.5078861793173175
17558,3.3389422152625876
17561,3.1116236864263493
1757,3.5237511947572098
17574,3.4361252708036014
17616,3.246588511194149
17624,3.3930407161148715
17626,3.399454550104894
17635,2.976866034370345
17640,2.9084307168887196
17642,3.6179254535456566
17650,3.156851196233181
17653,3.208662038585082
17654,3.0050091128670773
17660,2.468858013335524
17689,2.0662988883916937
17693,2.868270411159812
17706,3.2538592396231016
17725,3.4253764791229555
17728,2.6929963481151953
1779,3.146955207923065
1803,3.410534331876665
1807,2.471839032087176
1825,3.4972480593205058
1832,3.536654160686403
1841,2.2245368004636306
1845,2.5866111511413195
1848,3.580001370498042
185,2.974308183223032
1851,3.357087725476439
1853,3.3984784270468533
1868,3.2255731140333963
1884,3.0294583008852443
1889,3.054682443802698
1893,3.0383410117471104
1896,2.5432669005877497
1898,2.862756380735033
1901,3.5474798740390834
1903,2.3732684525179915
192,3.0012576840567067
1924,1.5739802682261383
1944,2.6738885930793415
1951,2.384923079000991
1952,2.7397583926110705
1958,2.801808546804164
1966,2.0470143237387988
1967,3.4056327990463333
1983,3.250239835099427
1993,2.2506174689981258
2014,2.917241781236654
2015,3.6585832850643962
2028,2.95965948590901
2036,2.7402655909153704
2039,3.3639866378106555
2042,2.6729009606865617
2043,3.735765787641115
2053,2.9466186949532585
2058,2.245791937798388
207,2.5607242293190753
2079,3.0014549482779116
2083,3.4799620905756945
2103,3.3968825689050584
2104,3.240700248215622
2106,3.0940782347729257
2110,3.7160439320378718
2116,2.3035028511060722
2130,3.6548570404568577
214,2.647958589302202
2147,3.052304718225294
2160,3.6769336403345805
2168,3.5228317161009195
218,2.6234099653994236
2193,2.5244127768827664
2198,3.0502138060948845
2212,3.7682838507088774
222,2.310622270295532
2232,2.642396803078913
2235,2.729609138573098
2243,3.3589412976317004
2251,3.1044123351947164
2284,2.9059120372608023
229,3.4766170427626593
2290,4.180871644720995
2298,2.3922462006647387
2313,1.953579800178734
2316,2.631874525747324
2342,3.782542160926383
2343,2.2783274659862562
2344,2.777413154569795
2352,3.208631778978439
2355,3.1711168431345453
2356,2.370708560481515
2366,3.033878575886746
237,3.383244121092861
2375,3.4387462169177305
2418,3.659051049569038
2430,4.105482126973122
2432,2.3024502105220894
2438,2.198198948051099
2460,3.2462009963098604
2492,3.2506038178553376
2503,3.807054456405652
2504,2.323795100375722
2506,3.8640738926116684
2510,2.9911299420340005
2512,3.3018859779949548
2518,3.205011912913319
2528,3.209328505570572
2532,3.957482290287904
2544,3.1755373666929585
2552,2.957984741266377
2560,2.148511999351893
2562,2.001642326335994
2565,2.4444431701158122
2569,2.4371741217278142
259,3.1539420369906637
2597,3.1823207732736383
2601,3.92573151223477
2604,2.215030276693339
2616,2.0550937487286682
2621,2.674942072712024
2629,2.7095867336921056
2640,3.5654511263356534
2642,2.2504778921987967
2643,3.6410669469655614
2658,2.684108518482687
2659,2.856142872594156
2660,3.90889409837481
2666,2.919237074825867
2667,2.0952725398348515
267,3.564974986970238
2675,2.4523133684893574
2678,2.572649649131107
2682,3.4999257099402983
2707,3.104596644071559
2715,2.6297190226447924
2718,2.4017832741102723
2731,2.7720149407633383
2745,2.8531136824560117
2749,3.109186677336246
2755,3.667449426904545
2756,3.6038876849113883
2757,3.457123418070939
276,1.9673108588208073
2773,3.1762679724066243
2786,2.8354065219988516
2789,3.172979763849295
2794,3.255513634518721
28,3.7521262818034535
2807,2.5694137108460113
2808,3.7099212514085043
2818,3.1868250194162466
2859,2.923951416236746
2861,4.04505425010111
2866,3.2694541753095034
287,2.941535688736648
2886,3.5276615684745796
2905,3.5110010339548845
2909,2.806276974822387
2913,3.9939325712864693
2918,2.6176324422705974
2925,3.192820584359303
2928,3.801064043243656
2931,2.6510580726701214
2939,2.989879961867685
2954,3.669272362235448
2969,2.421566614632945
2985,3.862560361750944
2988,2.9180295069585815
2995,2.5422846444270757
3022,3.0120588812880174
3032,3.896633313459362
3033,4.497770083617585
3043,3.016645336466138
3044,3.152588753301632
305,3.4954515986245784
3054,3.5089639458320168
3057,3.629861457084515
3068,2.95439129574061
3069,2.9055308865137914
3073,3.5798332103910617
3084,3.0851893810058555
3094,2.515561581717835
3107,3.6311003225727365
3135,3.2148921938606043
3143,3.2127885795180857
3147,3.8283740802527313
3149,3.20330489014737
3151,3.2900444932606696
3164,3.6151746153131756
3165,3.5027186945728945
3170,3.681313809075723
3176,3.0561312560934106
318,2.465839053446726
3189,1.7210474692540676
3192,2.8192966134663484
3196,2.476851413214635
3200,3.3669058938605163
3201,2.84364963259406
3220,2.9249032409895936
3229,3.155232131465078
323,2.4472545600798563
3232,3.737176127183892
3237,3.33289670428933
3243,3.1108606142919526
3253,3.285738719934909
3257,2.481583176101965
3269,3.936895885967326
3271,2.5568612114023406
3274,3.5473968932557334
3281,3.4601575935065854
3285,3.7776410931008155
3290,4.333105771511483
3298,2.2323529034559098
3301,3.626200660312431
3316,2.7672953192310996
3326,3.0561308310046673
3329,3.108155614468362
3330,3.1117841998742106
3351,2.7149616221987287
3355,3.490377886784591
3359,2.9715993189430883
336,3.019592434049967
3418,3.0635786017832096
3440,2.6077456790545197
3486,2.9760524733581533
3492,3.126380650598501
3498,3.329376358069089
3538,3.5173084066344886
3541,3.7183783813283506
3559,3.49179608982596
3568,3.4446881457256424
3584,2.8582130966782913
3586,2.669027245470653
3587,3.3854143952907054
359,4.073097123447964
3590,3.6021332704597566
3598,2.96970952823939
361,3.5617778119164316
3613,3.2603102195563114
3638,3.3639669581198537
3647,2.662789112705393
3652,3.035714656682403
3655,2.0286657562516965
3658,2.37269543859691
3670,3.024450550115096
3685,3.7081287979741084
3702,3.7112375715951584
3705,2.944317035333862
3706,3.161831603457882
3722,2.7154636152108833
3727,3.0098146049354066
3733,3.7718524356702927
3734,3.131299381579684
3740,3.535854527412638
3742,3.9522808022889873
3743,3.1298327461116764
3760,3.3104108594338677
380,2.972778543097921
3824,3.369298460419669
3848,2.6149409813030244
3861,2.735947971135818
3862,2.6825616056339925
3874,2.296007966316736
3878,2.281694086365577
3881,2.8636068617651937
3889,2.7219464872785597
3890,2.9278209054155075
3891,2.464636536158211
3893,3.4638250402302613
3903,3.5761209404218834
3904,2.833386997320283
3914,3.5908690454151526
3928,4.2284300175513225
3941,3.518928657545497
3943,3.178258220587391
3944,2.8785970590990666
395,3.930537709224948
3955,3.617011473207193
3977,2.9714784590466006
3978,2.9473054467801894
398,2.8250780077525994
3994,2.7034702679602463
4002,2.9741361326133244
4005,3.540224792332821
4008,3.4518806044162704
4023,2.1599454429697666
4032,2.737697814118748
4042,2.9875998486291073
4049,3.806623594817952
4061,3.2085327048032264
4064,3.1912350242415997
4076,2.015098712476789
409,3.5142764654773746
4095,2.412973324593408
4119,3.2567476640917
4122,3.1509952185045926
4128,2.884569243826785
4129,4.187057199531289
4144,3.2751631410554114
4152,2.8592038041185237
4160,2.930870479638619
417,3.903130974938722
4189,3.3629547276991034
4190,3.055548783837955
4207,4.228293793478309
4215,3.095998854691944
4218,2.654390969012918
4224,3.5347482783571276
4238,4.368958289588305
4239,2.5960246801997866
4257,3.2971560160609172
4264,3.12145334005398
4268,3.1814455211883046
4272,2.746503582989327
4283,2.7510772537323303
4299,3.424241624746949
43,2.311295775673669
4329,2.5108728250638332
4346,3.0140729087217006
4359,2.818211886173398
4385,3.699760427108296
4394,1.9673531096905652
440,2.548515171522881
4405,3.923970289782186
442,3.839664918132734
4429,3.04129839035552
443,3.8212128597748434
4432,3.6644434242757886
4439,2.8818269440282087
4441,3.366454265384053
4445,3.0644865754790995
4468,4.00743742573799
4485,3.4166753472523292
4496,3.6925113056264216
450,2.5342406621931954
4513,3.132649963427435
4518,3.5403018269506847
452,2.9186088079004007
4538,2.227737012876591
4544,1.753940435857201
4546,3.3284658073699998
4552,3.469216106931317
4556,2.3912283095711735
4563,2.9727487752941966
4566,3.0000742182303113
4569,2.7219238113605946
4574,2.8112008665032335
4586,3.2218602911540026
4613,3.012905227546564
4619,2.8303146355152964
4627,3.5792505072633545
4637,2.501561272439948
4640,4.039785291971006
4645,2.5102554174496787
4647,2.712453272814976
4685,3.0126167714374152
4694,1.9730365081956478
4737,2.7017232300658898
4742,2.3838938022278557
4750,2.678927343749112
4761,3.272141686538185
4768,3.620950666880134
48,3.613648701349181
481,2.798991380163925
4811,2.5721297113567774
4837,2.2176381826855494
4840,3.1893717501560293
4847,3.9835396256532074
4849,3.580157864842851
4852,3.062675566924326
4858,2.975014346965421
4868,3.891961052075972
4875,1.786768282068628
4876,3.2149587107801345
4880,2.121902221232332
4901,2.4416618429513424
4902,3.426523001122801
4918,2.8780277498756255
4921,2.4077290385419627
4932,3.449053936508275
4935,2.8089186325154762
4943,3.224069979778011
4952,2.949271014935711
4963,3.47631783944447
4966,2.8590732749863323
4981,2.9739559220550014
4986,2.0890034332628975
5008,3.3049409156908993
5025,3.809873502414282
5026,3.522918049900334
5027,2.9473100903337737
5062,2.909286628061862
5069,3.560386768792225
507,3.533879274060136
5096,2.7054228961272933
5098,2.0008589509538357
510,2.900360768800936
5123,2.8024263673288514
5129,3.093450206533682
5131,2.7001153469907435
5142,3.103358740724544
5143,3.4964168864429843
5149,3.505447018595875
5157,2.52873005919576
5159,1.6761835913646372
5160,2.586882490609927
5175,2.8406022809850913
518,3.7418283165247086
5206,3.5106433478895185
5220,2.8488750861531082
5225,3.0736197018286506
5267,3.088255222289553
5272,3.310324900451779
5284,3.4420641569661665
5294,3.742458996649432
5311,2.40072078878874
5326,4.180905576017128
5327,3.5606291369722474
5336,3.0987800897229083
5337,2.681346277080784
5342,2.8227944170363397
5361,3.1561124833012033
5364,3.0301426971030385
5367,3.004919360508888
5369,3.8667621805478176
5408,3.771437011866189
541,2.3149236194803877
5425,2.9582152269244024
5426,2.9264334593947305
543,3.0528585869192972
5465,2.8056090334377006
5474,2.4900300001110773
5484,2.925943201230435
5485,3.2567810652521874
5552,3.0024680334523417
5556,3.417906844913938
5562,3.653957058544273
5568,2.4893810296116943
557,2.3978658427587254
5577,3.9404302044320567
5604,2.5264083984277406
5607,3.3843038598291857
5623,2.8548538725396613
5640,3.1294113997820476
5641,2.1602349809321266
5651,3.0206118640137407
5656,3.611875627067704
566,2.9274194568156657
5699,3.642004386594448
5700,4.174776474835397
5716,2.979513376497827
5727,3.5776026181104004
5729,2.324508082111844
5748,2.9931164651912665
5760,4.4031663380959305
5766,2.6043754408504425
577,4.173121589326332
578,2.3978422751006976
5785,2.746498122142813
5790,2.2579693108472703
5799,3.1660864379819413
5813,3.486840403337973
5814,3.00952041642723
5827,2.7446813354275865
583,2.8263204829988116
5835,2.5937665850450946
5849,3.1316780494295027
5877,3.2863503785679966
5883,3.478517262799618
5897,2.9831352617746103
5898,3.9761841939185354
5901,3.0295406737586763
5911,2.6158313509894064
5921,2.9709985179155214
594,2.3538710817830366
5941,3.3986870454624127
5943,3.4051568781069323
5945,3.8339018907985523
595,3.803470860405363
5958,3.5269414187949413
5963,3.708833350389065
5966,2.5119635130266635
5970,3.612597774688196
5979,2.689788383617715
6013,3.0150248359245917
6014,3.170221459006105
606,3.2516791736382538
6066,3.4169266361647317
6069,2.426535754273295
6085,3.932189843812188
6086,3.2436542918164992
6093,3.7827689621866947
61,2.3871189076291404
6103,2.019049785133276
6110,3.5963604840444563
6121,2.2655131950619727
6131,3.387404228393349
6136,2.677128631140359
6137,2.469783336618553
6140,2.4398224152588486
6172,3.4479947337673384
6177,3.512864295440299
6190,3.629510586346028
6200,2.8384082526806793
6208,1.7446989418969765
6215,3.1002699646553613
6220,3.592802822556319
6226,3.3774654113211278
6228,3.600505368111499
6230,2.954812647728052
6234,3.219496272629139
6250,2.524274430010915
6252,2.4744500955584763
6257,2.304650467512372
626,3.499185897770019
6260,2.6796691989108123
6276,2.3599307649598247
6277,2.1018012745110606
6281,3.6217623806360377
6285,2.7999635351612993
6287,3.7181066408892254
6289,2.395877725422999
6291,3.0809073261920172
6308,2.6361266749722487
6315,2.7581626217506683
6318,3.2841284037936136
6334,3.033635524864947
6336,3.3970143788735156
6338,2.6315958890170212
634,4.190882856035579
6347,2.8674187830289015
6354,2.280584556551406
6356,2.709152994729453
6358,2.510017586634593
636,3.453010468271232
6363,1.6384384965157102
638,3.4077467777181853
6389,3.564035141074831
6390,2.4845180028383584
6395,3.202372332039126
64,2.467448607967865
6400,3.463981225452071
6405,2.7560101549506215
6406,3.1161441348498156
6408,3.793438436662953
6417,2.6558170296786066
6419,2.7205467144246955
642,3.8441535900349204
6424,3.773209560838174
6446,2.715614862332239
6448,3.0123972492416913
6466,2.7445480073008626
6467,2.966292841984118
647,3.321274890621786
6480,2.325718549528181
6481,2.5471431091861727
6482,3.4119640309216965
6522,3.766474757946646
6523,3.3699526198917016
6529,3.467112618505243
6536,2.834899041477648
6537,2.11846503992161
6541,3.5428906755489655
6543,3.2085804230271364
655,3.2594956227611283
6550,2.99285951363832
6556,3.409495801322438
6562,2.658279317615829
6566,3.5284415545716246
6567,2.9961428261218583
6593,3.0306505743900325
66,2.1393634282975755
6611,2.573601459890797
6619,3.1028864617820364
6629,2.7325089905783893
6650,3.79959083549448
666,2.953886970543702
6663,2.877847351106137
6666,3.487799753911739
6668,2.485923435241389
6678,2.5253925943517004
6680,2.9002169875804378
669,2.1060067015292563
6714,3.37854380379929
6737,2.833870342253493
6743,2.7167354893312186
6748,3.325486909643453
6756,4.028420085871485
681,3.40806145093501
6830,2.6199702379106182
6839,2.266355165369005
6871,3.0597528159023883
6872,3.5356034975673545
6885,2.729110642996834
6889,2.415296255793267
6892,3.6705802510721424
6894,2.5439601890056744
6901,3.198226521711127
6911,3.382691606532579
6912,3.583479612564568
6914,3.023035817775822
6917,3.265149425885932
6919,2.661034512087185
6932,3.1109679640815697
6939,3.851850725945232
6946,3.3934577990353563
6965,3.077924390268337
6971,4.0640638729028336
6975,1.9134650134294815
6979,2.8887251372625595
6985,3.2632124966871
6988,3.218064076931139
6998,2.347767152040741
7011,2.814411082506048
7016,4.318084224124315
7022,2.895491629469384
7030,3.1286565440611125
7033,2.1623351648118962
7061,2.3165638590530824
7063,2.0503575590373475
7067,2.9315506025416185
7068,2.322267630872448
7075,2.4161234076665896
7077,2.8979507325254326
7084,2.3592026658578735
7089,1.676140944554187
7109,2.7671584280832358
7116,2.6545056772307314
712,4.030591133082057
7132,2.5366995431478214
7136,2.3107515036655544
7137,3.2881221046355154
7145,3.53159735198991
7147,3.988911159681793
7148,3.5898122016099117
718,3.20597671335481
7186,3.435157082872681
7188,3.1034357896451463
722,4.033814416783915
723,2.9633381750668413
7236,2.4245002402381783
7238,2.9422998070864033
7244,3.416693941540873
7247,3.214385726200404
725,3.4839645633214382
7255,2.552438880162662
7257,3.3294648482821305
7262,3.350307191106469
7273,3.2161314820296276
7283,3.399426384875353
7292,3.030317265823161
7299,2.69404349765829
7329,2.4528366119148886
7334,3.8493191594188403
7339,2.3890418694593873
735,2.322553456237307
7382,3.54718822551053
7386,3.011540381750942
7387,3.733378008349065
740,2.6964031468061416
7400,3.9767111911484
7406,3.515386974280647
7408,3.2756290438624083
7418,2.020572922532433
7437,2.900930730839214
7442,2.665067405806902
7445,4.192106871666649
7458,2.1233596027343236
7466,2.7954795612796937
7476,3.032199583543494
7495,2.912253595631301
7503,2.4126365598260806
7505,3.8270016194325422
7511,3.5757104328238563
7512,2.4127932761436655
7516,3.9047027781287205
7517,3.4189801589833957
7518,2.271564465611279
7524,2.9883766443833033
7527,2.4735786703412126
7537,3.8712030001477142
7544,3.096106543074238
7551,3.2092264017909944
7557,3.596951015158443
7567,2.2708203726991876
7569,4.377777406219844
7571,3.3195578136228794
7577,3.9868289448821903
7587,2.0615399358267545
7607,3.0522382495444185
761,2.5270305136933935
7625,2.992928053978216
7638,3.6906690209040183
7656,3.1097205427829935
7681,3.45605956973634
7698,2.885153200787901
7721,3.1832456438365626
7726,2.2321973980052534
7736,3.600305862199575
7747,3.2233233143791473
7763,3.6554590107999547
7768,2.5094970237981493
7770,2.6673372332082117
7776,3.2868705393849647
779,2.4940451490736413
7801,3.6303490914984513
7802,2.2242078189142482
7806,3.115028520177243
7812,3.823884336981305
7822,2.527530728911952
7823,3.7009219682963503
7838,2.3823047286106878
7858,3.4254196375698975
7868,3.0070797565295724
7899,2.8472450841932373
790,2.8442441269199854
7901,2.2505085538481455
7903,3.960731403795432
7906,3.0609200669442496
7916,3.4769493381037213
7919,3.3635532868861437
7921,2.0220986406035006
7923,2.999608929324882
7931,2.8665932475459126
7939,2.7836978905908483
795,3.1121662883543504
7950,2.6356607714773705
7968,3.059359165168563
797,3.006373314353397
7973,3.5510858259398055
7991,3.135552545983382
8,3.051997282439533
8002,2.534784491773513
8005,2.6498780672717164
8007,2.720945482769622
8008,2.957411727756679
8017,3.631142707777972
8023,2.1281075661301228
8029,3.702027924797929
8039,3.483988926217203
8051,2.908801996331271
8052,2.740374648344232
8058,2.3351411941161166
8072,3.9074816752397115
8085,3.565123082972582
8096,3.3239927008158023
8107,3.8010861828001166
8121,2.9949058886418385
8128,3.2562165744538927
813,2.6837957595783086
815,2.8673299411918727
816,3.0783390513551123
8162,3.1728249936387596
8163,3.415085077723139
8166,3.4106103154088605
8182,2.306485186438115
8200,2.704762025064964
8206,2.9377152888931906
8207,2.5187657907555763
8220,2.5736299722463967
8249,2.798323761877808
826,2.6079352312383524
8260,2.8299088698506276
8268,2.0014563955380273
827,2.4550708538426185
8307,2.5959163397129195
8315,3.424503561152302
834,2.9613987707059515
8341,2.848238873367171
8352,2.623316896969722
8354,3.6914753645304885
8365,2.5888656484580754
8384,2.913106392993602
8390,2.705701124996589
8392,3.3737462919038395
8401,1.9595315629579084
8422,2.4351037160671654
8428,3.478995928061725
8435,2.4168438401469756
844,2.6453058364138204
8448,2.934244048857923
8452,3.0046877351729915
8458,2.8111819753695935
8488,3.161229067896294
849,3.234944097309212
8491,1.9264710677111818
8493,3.4487681250761377
8495,2.3498203653707526
850,3.2729704115010714
851,3.8363228279164865
8512,3.414314979845904
852,2.9195301474549997
8526,3.806096354426835
8534,2.9860485394415606
8537,2.2779468173673796
855,2.447546520114328
8560,2.9433783544314265
8561,3.1045174595865723
8566,2.668304046391483
8582,2.739463202254507
8594,2.8248065203043375
8596,4.095760153595647
8628,2.4746528307701263
865,3.1714169432824844
8654,3.8983755799507613
8657,2.7406260908780706
8661,2.3398533538141053
8677,3.8173880246176113
8678,3.9507338116229795
8692,3.110320981915734
8697,2.8069636441321797
8699,3.5502433275474865
8703,3.4173530268010714
8706,2.5321386105930435
8718,2.715539677834768
8738,2.5179810859928096
8766,2.3763889916152587
8770,3.707697991170472
878,2.5727822283989905
8781,3.444934722821353
8798,1.88933656817525
8804,2.6579268491049337
8825,3.5987851847202443
8842,3.363233393586904
8849,3.173182793506227
885,2.9665259362036407
8851,3.6344965057818395
8867,3.0463236560199043
888,2.434981651113698
8889,2.9811739840477647
8896,2.8298915573718153
8905,2.8767993318903913
8915,3.9586429314419367
8919,2.7565314369434164
8920,2.697012174990072
8921,2.3209766010758504
8933,4.109816157622853
8951,3.8185849004718118
8977,3.431209482723405
8994,3.0646979634979026
9025,3.0152659153111165
9028,3.676974441807193
9043,3.3879148422456375
9046,3.8948937824361938
9059,2.8675509402281576
907,4.005011398539864
9087,3.0437056709289454
909,2.9296195804518326
9093,2.50128543826914
9107,2.5618546437957392
911,2.954734624850993
9130,3.2935740950148786
9131,3.0536845321252595
9152,3.0442596265430035
916,3.5100896071604843
9167,2.142185032551132
9186,2.2038526947605765
9187,2.9503787849501024
9199,3.468288945971587
92,3.0907111147125907
9202,3.651628033046172
923,3.1846122107945622
9230,3.289304377164892
9237,3.395115456151785
9256,3.0962970605737774
9297,3.343163788762169
930,3.0799206730395863
9310,3.4941186979978474
9324,3.6354958233725005
9343,2.6031675299344963
9376,3.029340255727956
9401,2.0254120185498508
9404,2.752065183519198
9410,2.942002337796743
9421,2.957628736447777
9422,2.9594379035116547
9423,3.320220109496513
946,2.4098714667291694
9481,3.649512122507271
9482,3.593332265518655
949,3.256877273053638
9492,3.0489052383358874
9517,3.2203156176568313
9518,2.4145939173419704
9528,4.06317102451572
9530,2.668398337224692
9537,2.9628117683376094
9550,2.2537359511517137
9551,2.806492386183365
9567,3.805178932528828
9568,2.759025620076128
96,3.0139760814337673
960,3.4798846940684487
9600,1.7938827169038714
9602,2.1934205903857493
9607,3.296386974208143
9612,2.8310250692105257
9617,3.3986868585119794
9620,2.9383315833831762
9629,3.0056331383125405
9632,2.376583661676515
9640,3.266797786308196
9650,2.687188364035837
9672,3.420581702487202
9681,3.5249415640012574
9689,3.922941342237579
9691,3.4972799797153438
9696,1.6124485013988403
9697,2.79639079534368
9699,3.439831594264653
9701,3.7594847823288897
9716,2.726430059972021
9717,3.321444676454348
9719,1.9784530703952843
9720,2.759463711783724
9728,3.816751888706494
9730,2.223984052405552
9735,2.864095549123702
9744,2.4252242732890634
9747,3.6785117086946406
9750,2.6887770210784634
9752,3.211184786087276
9767,3.15374158171171
9798,3.383516309211179
9805,3.692097347261431
9817,2.918929736257818
9819,3.671766715031728
9824,3.0477732261799226
9831,3.2911873409147665
9843,3.289274393221607
9854,3.5304982949819683
9855,2.66636444493501
9867,2.9759165953099487
9875,2.87060933853423
9885,2.4776437611821893
9890,3.1783993818406295
9897,2.0727525073931314
992,3.8307647804917044
9920,2.9671717440086236
9930,2.2381333860101207
9945,3.3059033053575155
9946,3.8538042122154588
9953,2.530968309031022
9967,2.757314951019862
9973,3.2873103795736487
9989,2.5492413803878833
9993,3.6793917400866927
9997,3.3924441189375747
